Vector: 0.0098012
Deque:  0.0524262
List:   0.053426

Vector: 0.007742
Deque:  0.0419196
List:   0.0220095

Vector: 0.0093516
Deque:  0.0307304
List:   0.0263362

